5770949175
5262552416
6196190856
5281051331
5264995786
5230142015
837541760
5079698285
6018091797
1369976842
802180515
1610069353
6019814012
5130358781
6075337075
744085302
1774892703
910512453
5115772170
5198613374
1270921250
5148261855
5040176516
5212796305
5351965072
5149685732
5694369368
5291276706
1289910814
898473783
5401208105
5243416850
5217818992
5220740508
6414757855
2025330677
1861690820
1132108980
6052762826
787996780
2022924517
939921266
796278612
1937458401
553147242
1872259943
754928022
5136176577
5269941152
2113033180
5302007301
1337603798
5444550903
1854050464
530263059
5136605479
365461967
1667236150
1020522173
5138473872
5085065583
1140899894
1000846506
5194097292
2019035760
5336687900
5200464688
6027285363
5389370344
5009272323
895072641
463600828
628316380
5264839558
5324178666
5264470420
5316951288
5102736724
1961083208
1348144976
1464558768
6148338569
5971176214
558619436
701904718
5385900236
760177400
5960723284
5287426842
1664763802
5234405258
5136705377
5166174039
907996054
746586702
1035728487
5709097504
860038347
5175606510
5167760272
939967836
1609545715
5683039847
6012044873
2125941138
6414402239
6402492818
5591995183
342647518
6116325301
92046253
5073437719
204018986
1325354339
618220437
1729674365
738277182
1597226596
516866583
1972785162
1047070313
515738006
6203341932
1817753166
5521166034
6216692255
5211334592
5295478652
1469909012
1739156360
431487096
6629263674
6131337629
756723128
2093955651
1220347100
1080526741
6105542853
5165649229
821566939
5538697863
858394581
5850749444
2028936590
5567140118
5456839851
6324957435
5092275228
5969069035
1913164824
262010396
495528125
526230205
1062595101
438730142
5140908295
5030182970
5821328984
2141692123
1143710108
865092531
