1179232446
465323396
5271263636
5750851513
1996675344
5254961724
1086516450
1006484026
5089867959
2122262993
5272401073
363395378
1417438008
1312376109
6322361198
5898324071
746233791
5238312261
5451391885
876528369
5772123364
807071461
5383370330
5078994953
5216870653
6686392823
6603722038
5610856106
5142850120
1797373751
5576184299
5114569190
5262533483
5656295393
6601926962
893643438
5677123008
455565080
1411890099
746498904
5265863592
5285636471
646906793
5145222444
5360067958
2124711740
770359039
6074128467
5765447489
2142320930
6129720336
5619467518
5128314678
6425854791
5505158999
5186768450
5701493044
6470798611
6101825562
6189773450
5327999944
1952939129
6108846743
5207963548
1844289964
5242947799
5231239586
5123333417
5130347904
5038212282
469873766
5699153549
5125875126
1029144577
1492962788
5187417674
1071967876
5716603005
6556055928
1332168444
6393737022
5123339490
6499290891
1352185714
637806597
890889203
424045656
1282952814
5210897397
574063046
1610169777
1697350235
5158842785
1051090319
6055310542
1380417990
1459082245
5834374490
6410500812
2014490121
1842947987
5165336243
1653143568
1992506058
5195951143
1919524316
1463896097
402118270
6369498425
767960421
2028936590
408017109
5030495924
5126430127
699545688
1130011558
5238573628
1312103534
1011553572
1547810606
5275723315
1211310553
1581351792
5457815013
5680799326
5572995338
5247054015
6480606161
797412079
5220111535
5243271127
5199704979
6535523678
1122569216
5287920280
6489143170
5166695207
1092943579
6013546172
6565337222
5270967007
756285337
6369487981
1098272180
966785299
5461145868
860451186
363160505
604956906
1942424919
1782109621
460907066
6108776489
5138191010
1266700122
5922446174
5273880566
5874267225
1534025754
5218231451
1090810063
2053776131
1247268079
5353594693
5159209892
5141685560
1148608300
5131573659
1736265457
1682481871
1456263937
5319583120
1430910944
5551369161
1332814329
5370719340
5542251756
5147163213
801713953
170565933
6337252072
187293331
5211944540
6396870427
1935352580
871194855
1193776835
5220809569
823320738
5493346860
999356263
1192358607
1272204832
651204435
1112482379
5280428261
5163357940
5087633835
1530171674
1165449562
1542025432
2145660525
5101034673
6233248592
6218083564
6122343948
1532086432
6003834323
1746378713
5365160655
5158622298
384234075
5197993835
1739750844
5338420759
5118909099
421982432
573373207
674423110
1220714378
1690816925
5206264488
1739825970
5141389381
5173337881
1176103029
1653312247
5237234276
2099818884
2044943931
5257778168
1396145440
5152778673
5101082429
5464160263
985721355
5299815503
5516268155
1209493529
1763387729
1998250287
5776467412
5281130839
5284628287
6117715236
1700664984
5212630235
5196765802
392719800
1371582861
267096649
6435827980
5537433466
732596581
5010422097
1315097484
816956271
1502586488
5237841720
1444190024
5591196065
600193468
1025760377
5048396034
1441189396
5657984080
5113008661
5131554940
790047767
5369744378
315145691
1359189005
6543189496
1057018246
5050205156
800934363
988822507
270634709
1403493979
1661887223
6139861413
5230964990
1100630774
1539547429
1951867307
5922635131
1811014984
5087232773
5256237238
5276364256
5527694040
5528820957
5131105684
407686467
5177888623
5953372873
1637676780
5218899127
5106238637
5168816964
1081591299
5234396670
5245819569
5141646103
6049888859
5122795580
1252875754
1318227174
5302564295
1651242631
896525262
1386459062
1593790535
1491457224
5099988953
2082640227
5086017053
1019499740
5249429140
862298937
5585085957
970275899
5184768386
2021893053
5324021419
6649145603
454264517
752040224
5241523979
1708530636
6604818699
5259759330
5738682582
5028121029
1205138080
5787887324
2065523960
5296292277
465431904
1056725951
6413751080
5244318883
5633954577
5189403918
993026860
1203188494
2131919061
1847408502
5455879849
950506480
5112641509
1629805045
1005748924
1468063965
790460382
5167287769
5109389064
5204447813
397078915
5142415188
1943531671
1694340339
1230162741
5203184448
972505895
1556958006
529006273
5399629747
1584688562
2093817834
5137243080
5359844855
5207944685
1986222310
5127621716
1484157978
2094035213
430792176
5960232106
1647055616
5162419092
1765913108
5208277562
5885447688
1242208491
1038337585
922888571
908419928
5677497757
1466656636
1752129840
5230838654
1047968463
5204487185
367416300
6175235857
1558286348
2098551191
5122674028
1868891509
5263499976
5969730317
909904560
2140192084
5166994980
865585224
5793001947
447584689
2099143817
5276095772
800746523
1477662839
1371808251
261677762
5153297919
1474212827
1329920486
1215984309
426197152
5002369107
5792391207
1988323005
924390121
5265287327
5258169384
1652793677
410731700
5264377285
6667729317
1405328521
5227106977
5160844386
5197733919
5304491983
1538712494
5068180782
5580545812
6659153071
947269027
5297210790
834243219
6239478662
5874911717
5997651349
904191151
2137621263
213777360
1660495969
5120519120
871226450
772609682
1066453800
6398296254
5268853971
5107790812
932930026
1420369077
5059719756
428521998
5162187776
5212092739
314029255
2144870724
6074202011
599218335
5163326320
5312617531
531826367
1624511307
1044968850
992280662
5232261062
5855184047
475369167
1492350710
5208883759
364117720
1380465111
5163268175
2099408353
5115820044
1869144488
2105789720
5539148271
901846332
5184020560
375927898
1603307170
1582211420
5527899726
5405543157
5335622084
5248531525
1300886042
1795838186
5614084644
900875816
5015476928
5243583692
12813618
278637578
1028613681
192583023
789475309
311172624
1446621159
1829277952
6024997547
5124603116
306220042
1518048888
5624463526
5226780561
5302564074
668175901
5252807953
382258381
93789163
6391547349
5176723237
5877090271
5266244323
1459254032
6615819462
1501344790
480804564
895888900
1302130606
367853287
1019375752
5102326703
1566668363
2098536535
5502267371
1817939644
1027371491
5727887710
909439330
152651568
6235227452
1486819128
900519623
5171871403
1496202375
2062987247
748164428
5987301357
698199005
134545593
855251510
2132826629
6644924928
5575118179
5523735732
5017017318
1446374173
6453971412
5661309664
1513580675
408987691
6109746421
5740965518
720658786
5302005150
830476268
1947081991
5937750653
910354032
5172167804
1207983039
5563222492
1197837027
685857429
784287702
1277718629
5742210516
5781447186
5011133520
404397848
5127459964
5112554740
1188372473
2089305487
861592923
1719789511
5224414106
694773635
6339699554
1530516849
5693475256
5299562649
5512100248
1536007043
1580459494
5634756679
5109687030
1950964245
217216722
5112329555
5532594786
1471292123
463991288
1484575473
5122653292
766348377
1030576638
404663169
1416270623
986499655
1987719136
5124770718
5050635133
2090570490
594316435
176482056
5611994424
1117263
1988268350
5493230076
5353569438
2095740737
6358472776
876014
5323586249
5191869909
5033774250
956354162
5387934327
1777922743
5167542307
527385884
905602598
1324019246
453569103
1175022319
5201340932
5137988100
871611228
269704232
5133896370
5075417047
6343424903
1401071211
5718191699
5267460819
444170632
240712830
982928154
1440773936
5707272377
6335157478
1851226071
818419133
1401061757
1062213453
5014322799
6162159617
1545786474
2024481493
1564230748
1328741856
1207519632
355789374
5146384260
5145579019
1386369125
1426307311
5252739412
5127840614
5239724668
5296005788
5169138502
715431545
1572930213
5494742720
5156539993
764249381
320217562
5205929931
979167293
5191285519
2093640926
665675114
1235083238
5241631603
1199776091
5280454840
5570481685
5243602056
6554806564
5193015074
1424056992
6313078363
1715228186
552744071
1001917467
5971198766
5328642248
2134171545
5033264244
942440611
1367976611
755447594
1545048712
374205648
1036803810
1577311417
1290089649
5284665980
761047694
5232681944
99220579
1262729690
5329265361
1447617816
399940882
5176500628
5654935343
5977953007
6333808415
1632701068
1365999671
949348791
5103299938
1355530283
5458087772
773123057
892005331
5096712940
1390925409
5886365896
5290181811
1006556433
5210711770
485882424
1267755954
5210132176
5268572703
5055213827
1308653863
5435161458
1772054637
3749823
1297132721
1427082119
817656863
1155327622
5272649137
1467970984
5113526048
5234678895
712683635
901966750
635401095
5883059615
5136209417
674202817
1519076340
5565985929
5136554247
1002781774
5150755150
5540643832
862075659
792051628
1925875543
5227852829
162168896
5052493683
521714782
5576790469
5259132668
1778204450
5252693331
5150267141
5951201396
1681532655
5266247064
5170704945
487124835
5403382785
2120696782
1013935129
111919145
1503749477
1881886670
2079284683
5290171713
1736032841
5152825118
1488256028
5297265619
5211178477
5237526896
1012941700
1080432374
5896515894
1188488124
222434272
2120729017
1551092534
400030703
1620639912
5044988296
5221361613
825899724
1191908198
1543366811
438794678
1698812679
969250833
5153514531
5795188951
731537987
1762679290
5836954781
1221864922
1905765869
923471657
246333008
1240914427
5112168460
336614321
238056803
5105028512
463963159
1834230118
2070875181
5452724111
728703575
1948498947
5113445544
5177359531
1952163850
1582969568
1069116198
1106760311
929693772
5105051019
928922860
5104409508
5166638730
358851443
1298218874
1705935796
1600131208
1280706087
350022246
5213881587
6261388522
1213697759
5453841039
5140454800
5142660250
5171821541
71473775
876317352
282662091
1307284129
5265129205
5483091911
5312492748
5232188146
1357837711
6128471036
6636158472
1119357680
5606496726
945667489
5197282629
5189829033
5126899366
6168190367
801995343
426858805
5751635601
5266341107
1976314317
1627102488
1000360547
490831188
5120449925
5902177930
5393190908
1563738748
922874731
924248951
1134180809
5224022344
893579333
5154791693
501997771
5183995735
1028177175
1306037532
5202879418
5282355496
1211371486
500770057
1682685842
815872778
5267391428
304319497
5572636292
1226444769
2125098774
2133040246
590470659
2101111281
5843373812
5009790769
717938382
292291494
1253527968
5820216904
582556730
1246009001
5994478152
6212416033
5203800936
5148917083
1680950702
5246062253
6288337594
5105509483
907215798
781937002
1164684674
1138708871
682213996
5769713550
1603536715
5020702832
529312331
5408684029
5609129946
1515575013
931166070
958067559
5220508437
5104412414
5107629984
409185097
5131093014
5547732223
1451530612
6143543004
6129099821
5221446814
5882788482
6397832356
6304642126
5272228691
5092661785
5950314711
1267922234
5176692127
5107259568
1626016341
1766500536
6177225682
5198532058
5466554488
9535624
5705602448
1892784633
898820766
2147137227
6232484602
499488832
5081062569
5022730412
1654803312
5757392130
5232970039
5289637679
1390160875
5124854866
5179355832
5063229757
1897682622
391006515
6214580275
5253454196
525551278
5603005581
5627234239
5192547102
22950610
5263512106
1050144609
2078044102
5139011654
443620524
5654964353
479086150
1082313364
6135650478
5221629346
5570027239
371321047
6004429924
1481602298
5126329216
5571102018
394460947
1076013850
933120109
5201455701
5164187707
5726194007
6332745248
5331380520
1492647700
5156355264
1434449404
1122435769
420424863
5362808991
5941557232
5222287371
5053932087
5264080002
1081720720
1226991097
5297944600
5732851787
1813392968
6142436629
845382849
5228482908
210166941
5174263391
1476627441
933001717
5003668786
1047868752
5152137173
1259425593
5500275316
1874587939
1959536138
713295616
991409698
5138012904
1413236468
5278934796
5346549261
1237476227
1361978825
1635400621
1511545019
1870960619
1959465164
5318753221
5281637936
591073022
1239161644
1191310707
5218312544
921714945
5427882120
734481902
5124918461
5250492901
5607141903
1535772270
2019003074
5288668403
6116385019
5651925427
5255537264
5298889328
559133991
5125917506
1093731645
5691207944
5199746439
5107900890
5133175590
1795247510
5215367416
2067788448
5318271004
5102154849
447226542
5185502925
5149253213
5273634469
5100707555
1325650314
909825522
5282268673
459111140
688465985
5289884625
161262041
1283531771
5138863060
1395534967
1242555724
5521256841
1221751752
844152608
5237033843
5636365126
511612093
462914653
5077210940
1288011605
2038031080
5243392337
5163868236
427160846
5234241625
5214958658
2040264307
5517657613
5354849377
1636585023
1250741213
1968612271
5842716264
5538344130
5265394474
331281910
613526451
6287266883
857733547
1441231042
1909971762
5206116813
5544389617
5868852614
5793867136
587830355
5178704882
5250080137
797954147
1701102744
5521506957
637491600
5216674928
330568568
5327628523
1321311395
5213982946
5065337656
5372144993
5245741344
5384280714
5587299374
1010481798
890466661
5883471055
5210662702
5158263600
224624601
5124076055
137683267
1950694986
1507306864
5381900590
1291742420
884297042
5165307010
5187573452
6633362948
5201031994
5785948482
1507891589
5260330733
5655295649
1355682061
1502131987
5256632997
5764504657
5284947883
5117880421
5215691735
5147694119
5197485669
5168594376
152283506
2061779682
5298305790
610854972
61492403
1124219063
5181295397
1560908901
427431191
1869481969
1407299931
5167883848
5983100130
787214441
996849108
1012775989
5213774187
987792944
5185645682
5390061152
6382794475
664045611
1443951844
5275647603
1696563142
5213751871
2061602857
5318490181
2032476689
5147721014
1409818552
5134780790
1265021324
1890324613
6164053667
5251980919
5707003177
5176925292
1447450501
5229471836
5405006150
5898351162
5202657467
1352583004
5929178761
5241081658
6042270417
739005160
1620001699
5218218158
5093292066
1800988313
1844341423
5370086759
1156179239
402804249
1039798978
363497342
1645285272
5038707252
5901346824
5763440210
1720415815
828021469
2088231803
1050837861
1379211081
5114403270
5290854466
543108433
5361241302
5198626021
5296303320
317517888
5187921769
1419876420
5474076356
5154608874
5205086482
451126370
5312640223
1066541494
2082861654
5144285045
5283307090
5282454513
5386191074
1991765561
5292621089
5140300925
77744
5094512055
5139121282
1891622047
395102501
6396257574
5287546004
5234474024
5895953775
919318947
1151033781
1836965298
1697261205
1047496528
982918806
5690724878
5295152641
1017401680
1310273962
1898075129
939817702
1550283117
1714997246
1657267074
5220015955
5480985503
1264363274
5159363343
5239860893
5610191939
5982722952
1798505816
864081530
175372078
5376257820
1247887738
1894813381
5138229328
1385547867
6057089612
1057055119
2010768537
5107402906
1245802563
1130786368
5253964748
1634901310
5171614625
1148919141
5165069552
5212468882
1698770687
395424879
6609622047
1214861371
1362942588
1707582271
815629849
1733717384
5292525666
1035092416
6309479546
1582437450
410473894
789630527
869535110
2144697485
937875931
876167308
1374790994
759821716
5112592375
5934685779
898067312
370006799
1743299277
5183686106
5294681030
677725647
1059316190
1446700097
1600352590
5866531416
1582671663
966865309
1886404603
5399939319
890491908
5160216702
5233230355
1484557016
1353911008
6580329799
5104348682
1909044878
1114247862
1256100693
1321947680
215492782
5362707810
861193617
128675184
745583131
515731090
6216214108
5279087688
1305414173
1039264418
5159411323
1371464757
811672553
5069402892
832801602
145960170
799434091
5120390923
1414834794
5240171362
475328210
1134924874
6486599874
5244874913
5222125196
5118548583
5137746382
5707960880
6588519033
569654573
889607024
1694226598
5261113410
5217020287
1323975269
5172539396
5140076436
5248475429
1507352237
5342858841
6057763812
5220035598
5326812859
143415621
1957499883
1003929556
2018745177
5156221919
2124215416
1543413844
5726206405
6072602178
5113681055
5693209270
5294864890
5119523050
1783849489
5224921697
1994268884
5685340469
5272697032
5202504155
5038220771
2005278966
5285114597
1598380318
1767772534
1740924550
841461372
5184451651
2028987372
1748117731
6146493079
5185401573
5205790197
5045931447
1367273938
997357872
787711577
1741240109
5096976338
1186382599
5400941530
5163488082
1276418632
5391026942
5226367206
1562166060
5043206642
5212919032
5165919413
816230473
5901902216
1749919265
5135193527
5272005179
469810093
6354105294
481779014
748784818
5206607213
1015859496
5617061378
1392598240
5207626812
1721680242
970903495
555657303
5393436945
1613271275
1614834787
398266094
5212817358
1836628131
5153256509
1481274436
1723394044
953143767
5373838658
1971514991
425402235
6374165785
1376843597
1581393349
5583150023
5116525345
297999659
1949683478
5489206446
5313590709
529092772
1479202993
5113337178
1497764204
127295682
1901771693
890774781
5585294278
1308789364
1579232731
6538313347
835131412
1397406151
6364561915
6271215120
1133909205
5243275410
1252579208
585757026
815826403
1331352663
2077667262
5602638522
5169778374
804492493
1420520050
5223380966
5948192161
5229326322
747870195
468724184
526064973
5108197978
776225715
5327011805
983618916
5270265167
5141510280
438743650
1022984014
1178172373
5184255721
464003603
1763421372
5220893526
5193586393
5259459681
1402980687
118683752
2079312548
977064319
6590773651
315240802
1620968475
2025843421
5261013980
2058387302
163446598
563694648
506461391
6418119064
5118642948
1891448908
419481944
1452305859
5352075739
783383741
1709434369
5203876575
5144239979
5154108633
5667388692
5136992339
1169050219
5471625098
5360825214
5167547721
695870895
410889992
801287312
2092897599
5286326811
400409831
861600438
1057134774
436142956
5522714833
196084350
1932060486
2144643122
1480855378
6122910004
847183156
5129282692
5174039012
5123932229
5353208897
5686600076
2126929067
868832556
967022657
5173191871
5026205193
5641741891
5328544090
1781586963
747852026
2108910811
1675037976
5138782503
