2079875211
6220519705
1087377727
996605836
389571314
170756181
6217480008
2050947434
804751848
5270400218
5320845251
1056349368
5440626244
392473520
5205368080
1309540360
5324161261
1075412811
5779534020
5170535996
1439333267
6013049030
1084886972
1621401965
5990390288
5242665350
1833695471
356159145
1516911797
695734846
5937832391
183631091
1420825435
1065017048
1308121279
1515287564
799203242
2029091283
5074175704
5218278639
199168139
1343846399
846613371
558319800
413243281
5575560217
1867087071
5369563415
228316143
2075770651
5879729974
5710694682
706097210
645159961
434094159
6176858057
5795312751
5241712538
626673113
1830816040
1004321416
5200079214
615039933
5231605754
871253067
5121963593
463391188
404504113
902174309
933545620
5123413218
6076433394
1046586186
381318789
5393090769
853723623
5910189323
72609301
5151835316
5274686618
452483902
6167903552
633044150
5356265224
5021788174
963372261
5247337093
5313678595
1034589280
1603221293
744490637
714306695
817254907
751035097
5124414721
181514922
1592247659
2072350628
5196222933
323164915
962232484
425881599
5247167222
5318913771
5316951288
63563755
180035022
5916275549
748626711
5112206352
199043663
411720191
1595756171
1550991499
236673109
5546710402
1860200475
524740742
5144876135
1017040176
5174549306
739812174
1187555542
6033269185
5260943286
6199768888
656620227
5182424440
210858175
808776132
766833700
1450912034
1857128875
5167338395
1880441644
5685488167
292049062
5020000829
848411352
1751980573
635377609
1906233427
1325484207
5770551678
5686919580
1180088600
1374192114
5062778390
309922845
5949723575
912763689
5202455086
6337690108
808707459
5211769555
975005949
6341896176
672359927
936331276
1607170388
1377707203
5295111421
5366652053
1705848256
2147118818
500189079
5904852940
491596139
1100619055
5181804930
5292971958
1472563333
2117906729
282016769
5472278722
2007909491
1407065564
332266316
5116334883
1631312993
450358942
371846811
729602131
6245545618
792801635
1364551245
148658464
921308818
452434571
579030742
1826417101
376215769
5299305065
579633800
1540864106
1819069490
758198543
5226670171
5074002064
1409111236
1712833812
5127468016
1109276253
850654073
1053484492
589262781
750954262
808674669
1362951913
5639097016
1179207855
6085600335
1550560042
5143036679
728779974
1830056691
722220408
1361074333
1784924262
1383906106
982533003
1911195333
1460738700
1365527872
1188676366
1885699961
426948948
1061249643
1625553156
540387991
187957087
5188814660
1015144820
1446157335
789709920
5216210793
5803411674
5092195114
244562137
391157622
517675765
262313094
987317094
994844876
5858472690
1137898116
1197791126
115943719
431154967
2081635685
918890738
426285839
5215871781
1668830263
1389916014
1239785289
543486920
644191478
6322711490
590543523
1041595649
1478857177
538383670
496111062
463402335
5914480243
5205335961
6228206095
1133515540
5249789383
848489010
265098434
1324011640
1482460733
182448719
697688838
992405318
520164640
883949541
901480021
1947707652
753824003
6280837876
921158125
1447675973
1994138150
1828728611
499193746
1585623948
726587852
1733710442
1796950081
5067209579
373425276
5597047008
969035825
837492808
480420694
777406326
5395299792
1125149193
878931796
588499548
5102000830
1861454247
600778417
5186764276
606636827
593971599
638271241
953549443
5068936462
451912792
136812581
751366624
6129216854
5021472602
1702465163
6024741351
1327237504
5121219222
937841734
5295061284
923812073
464267695
432035399
1506079239
1900531487
5157530917
5569897349
455018268
1287599165
1862416615
5063861898
447562741
1923107495
1964075970
484802758
5234535208
1961352908
5261552353
453701577
671173886
7210765
760042913
1069676975
620667130
885433482
452842289
1749587646
5135628594
6196562107
339938603
5207488979
197715699
5244305771
736795462
440273080
1381851394
364603947
6356829268
1094699274
800395936
5176815403
5137541334
1032309674
1310639738
1297134915
874474499
5128409515
1176948528
1183087225
748157765
5286819811
2034266979
655863097
350171161
941909197
6506381392
1834636948
1593379273
622364122
5564941436
6165266800
265846752
5150985459
1257746534
122089761
185732685
456249986
819092403
786927512
1025682077
1999400537
5221993613
1200304900
987078754
1227710408
490603593
1909069268
372977798
1676457142
1808675108
5334378354
1732748033
742659592
1681161815
1062301129
1523095142
275511805
1030581829
5007835884
783796931
5023860190
2061066584
1650404444
1989730595
1918462351
5149271587
5295486838
5030611283
5190980001
956666738
1474098143
5861905387
6367837028
726725070
243508046
1385982315
2020928060
1284759312
1619189750
304783251
359736182
562875862
720896294
806625121
227827938
739838352
2068581145
1211998892
1377410443
1871742541
391386418
5065396102
1958519893
1823520125
5189867316
586166357
5131208209
5155931279
5646104853
954001540
988146712
1458946534
5445197769
949451510
5222185108
1440305041
722385875
528360686
203228115
5928195544
5157336138
1858678662
729148130
5176832091
1253040726
388427650
661940804
938450218
6174181010
373910018
414689135
5361584382
2016712417
5994978531
963705997
6451050894
627626751
6668522169
906445761
1019068533
561174293
903842881
5234263467
460800125
1574792365
1307733942
5843632371
1722804457
5104414265
758250887
1686857461
438367455
1117245543
5738237517
482643374
724879430
640001720
5083188649
402557655
924228250
434885107
424617760
34840322
5112691575
1435039556
1725062370
5774798152
515632909
888361430
6097538703
849496001
362848171
561402454
1443825194
269638981
2037691645
1192684619
1110744423
1907178303
1059406300
837922582
722465390
861154153
1453447714
1615304765
1077499741
407269125
1875467665
2117078510
1085185835
5311676654
1343192315
5241055843
1153470368
6084325358
365357865
5292961833
5463181174
1836018675
207302878
515671765
1318318876
324942627
1209782882
1690707026
184074765
534063789
833036161
1366716448
5604863328
761449791
264722875
1984531340
893098037
857414177
672802201
1098401705
1134387604
1320379987
1220979043
971755813
848992108
5106454836
863304001
2017696167
318721549
278082377
839977267
5655796156
1029631222
5675948683
226264911
724228849
864159164
5082633376
5165350663
782873640
895373399
1606782843
829841242
5193624266
5262799149
1071238213
1136494543
141757438
1528156577
1458741441
5928429830
1088123140
5790025220
2095999306
5040007932
5102362805
918809516
1788056672
493167772
5138268677
238929184
1330488915
5364595248
1469836686
1009999338
5144372847
1362059850
6318012783
881716500
1908821621
5215668227
5286709221
272232591
387470502
914445830
1247024603
178626290
1635216799
6010629830
963652742
429706248
667327312
660125252
5114057716
187703964
5021989711
5004343342
829618738
1009234295
1102470805
489017639
694581412
931470535
951589228
5992570287
459638172
1492698796
2071885717
703793142
1708533652
948751735
5100364371
1172048346
722123377
1193894984
1945846109
396366445
5251048455
986402737
494994638
1331783899
449374167
2136682005
1995988062
650590039
981646140
5286366224
528128106
348530377
455380946
861789707
531590227
867934950
5013476757
5215250375
176823005
714929291
660821155
1917901719
1625034697
496363200
1260637405
5401183137
1278377408
392104195
1785541187
5976772564
5683525445
726648481
175134174
984283094
2139628631
1262622340
1357440532
5240028349
5510237847
5284923556
753860830
638771484
2067385432
6559095115
5257297157
6600982339
179517229
5668563634
453298675
6031272914
466798234
1656581968
406653704
842776801
671186542
1929751586
1317345195
1322162047
1125778972
5164946060
5791012368
6126092322
1012038668
539864131
1915965528
232225916
787202679
372929039
5907944959
442482343
5417174881
232108108
1220642703
807964367
776476985
335858578
6341340559
166341302
1870125053
328194144
456841489
1032222738
124435947
909376507
1192172260
2066376515
2125707911
1665548689
5951501723
6091449083
5114868864
1464843532
1785005001
491514053
462221394
922207045
608728159
1946646472
5033381209
5346474106
958448966
1381825638
1245643027
343981257
283979456
5219725861
390866648
442958093
1182443758
6209683060
1757504947
2111184904
1061775391
5135411431
5062296461
2127753741
1616428083
498721582
623698776
5329501782
5828217046
2080904565
5211708196
1056598813
5262349873
1427001398
786886801
1437734709
5124602753
637704354
5646743188
52479593
1731504859
391225938
435198866
421621717
1360357364
510182167
1993396329
5335880071
978762901
1227911498
537564660
1880959447
697580372
5124843764
1585500844
713171376
150802583
410343570
712035657
5387953145
935494037
240939769
275225556
160153557
1292195388
1599603220
6216239362
5272850828
198413372
244470078
1966110942
5053265792
1412791432
378394618
1475274248
787186918
314358427
1045783329
2057638280
2146564393
501535285
5282612096
1942984744
1687409770
940426696
1464386004
1045130717
903939182
868427678
51414979
1128634559
5624463526
446068613
859339844
1854986018
5315764158
760463756
947410454
462227229
910778839
689524345
1509532576
5196996654
1717876260
1569788170
417411901
511719961
6282003875
758027704
5785658871
5615965966
971471542
1078754883
5100893351
1055231478
309367982
1979855081
658451806
5009016256
752271073
6390050314
5646778125
1900997031
5214274521
884891134
817274047
5408172178
1882385707
345846820
5224600172
2118669416
5170817212
1630130600
558193097
453186681
919914096
5194803202
684166755
5511967071
156643846
140880005
1624127314
1820656269
893357296
470711559
1525851140
987218751
978327382
853903201
1824606149
6656516262
973971370
1432651387
1687521532
860183186
5226505506
5256448192
164768398
5093933356
5661826479
650629403
832896728
1068710834
5188405535
122152875
272183978
704835673
239477377
1868734537
944441713
1052927924
5307767901
2112005442
632632442
5978732375
934815420
1497226785
1772518200
634305244
500900854
5267025333
464750702
404925497
5150240521
326520222
817712259
937121783
1809761066
5011990117
1186728165
356468827
5139043868
5124086155
193944005
361978887
1583976663
5197245667
966935023
304559065
535992890
5131595895
2023204439
477410059
6289477919
751700621
1402329603
1746364572
5872035516
5917005305
327052015
1599276274
207030218
5221032296
880438884
5850788795
1094160185
6124007285
996279285
5178529022
5261639228
838993117
199041663
453625040
5081633433
238987483
466196087
5141646553
1104678071
5140175151
242888392
1213549601
1120393693
1588800939
5407771288
965538089
2028282053
5119684174
703818405
866829605
1341562481
1159401170
1247865983
1947922493
1098015215
375053932
639177569
1136512636
5098152586
1854432226
1043827580
469454695
972528027
1452194457
836106091
722715778
5269946250
469797294
1870368993
1688895207
5299511961
387701832
842208225
1575532298
632233761
5114140053
701964585
1397765699
760587857
1163571117
2104093092
5281090696
5271353041
5517890010
1830469097
6182142997
675373147
440387281
6088305407
5145901483
1062139231
429486599
1840499531
1648810898
1653750302
943093041
428712500
5066598913
636492391
1256030723
408355883
616135591
5100293309
1379994468
299430846
1768281402
5209523765
5147293275
1157254602
2058778296
653753196
474170090
1637534634
1461550738
6533753725
2072519732
483469835
2135252902
1541540737
946264205
5255306516
1555460333
5290387359
5033991118
6666732661
1175668449
1006556433
1627935896
356176412
620389158
696415375
5171787152
1152318749
154292689
160485649
845047366
1015686404
599260320
404328175
802160367
1967524481
5213105198
5114525832
5055643757
757112107
5247800085
825014045
6085930552
1476416606
912211676
1446756066
821013337
763678969
464979719
299176734
534454770
158994590
448354769
1311389218
5930095857
1016991051
5157548214
1180895098
466927412
637674176
5136180501
679212929
5043890582
448179661
853516067
5155460840
1000046998
349538564
5225886931
6676753377
1162063659
1167101062
749697950
1181570079
1111967093
5633938696
6642013411
536536991
5136655493
992251695
1033351131
1445598311
391557596
5459830935
761722730
995588957
1999723885
949440635
1486674306
406118659
1870670970
333718083
5147284567
317826676
235091024
1221563178
1280852827
6319666370
825688999
488918099
1154853969
948379341
1136990722
562855006
5294778544
5286404432
1839867662
5390262900
1568038676
1325590012
480261341
5970087027
644939487
5131092335
714433119
6146484601
5993686424
6094393824
959222749
393489999
2101769506
5219051845
526967089
1102612287
5156777919
6616184027
899337289
1806051653
1090776682
888089350
630655734
956382316
5175382728
468323460
639286691
738225152
592930442
162741303
5164272815
272825248
1635346870
5890879797
5415470870
5096641332
350498182
5705287574
435554664
5241216287
5156104370
5122798368
743648095
5183140869
5244749017
5207886709
315459465
1914281360
1539041134
955613612
6215599408
1665188569
5361142108
893088240
731859007
573032924
159766403
2065242662
1461849815
5276097751
469547994
952202463
5247629798
5190051503
265739998
291536179
190258981
5096583572
1165902607
1304070983
995573012
1862257216
1574450017
845552101
1247610744
982254726
873008946
1385585095
6288381094
5041049846
1011836493
454863594
5109823739
928380491
782053246
30101153
5241649506
555288230
5277528478
5139647834
5026922667
5308548981
635343822
6511887283
6100114080
1030154184
5222744269
1294807001
1852180457
5162602696
1477185462
5273748906
1808264885
682795649
1228822218
5882301714
5153763518
1777933818
5783578849
1856110648
937964052
274652891
935075527
489804717
5097957991
6133584703
198704726
244352432
1675815001
5866888018
177750988
837692511
462401416
6145968431
1064950709
5179490934
1102895648
5267272840
1367138143
1163200972
443091344
1004244473
1103813354
5219837732
187928849
5885138061
892585264
5281799694
1045601330
877569819
6270423678
272136373
1658424676
348109034
1106767469
5502346924
125490087
444436688
359594903
6304642126
5537615659
907878987
1795031221
5880182720
450106986
5761666260
5158301374
248807115
5278062466
1793540036
482469320
5697804855
2054007186
231136370
468806961
5733096560
786465099
800631041
1249540219
6143258282
411301441
1294767429
5161898120
459037030
824967909
341426699
5156091283
1201500356
396142665
621564641
5263484759
5257892010
756165881
1163006957
487315384
1474747684
6383010605
556602923
5548855091
924864610
528106260
6646076931
840633432
1890435484
1281257166
708458252
775492026
5945248208
6239763622
839543538
820586509
5165390366
5161373408
1851942731
5287146844
380087609
342900093
505478889
5217662854
883205544
1920316042
5227244414
677150507
1382284125
5909343050
5883266693
5296708416
1052476197
843581075
978732424
1214551603
1271369625
1506879137
5012913586
5505224982
1943127689
1365703402
1606312726
417018753
1283640956
5881951521
370669109
1380762181
2131254910
854330836
1856613837
390107776
935083353
1620366129
380670906
1836392832
414081532
719905431
6358902032
615784238
5126678331
749380359
5193195614
5059522522
1094561054
5821475894
1440029487
5005271480
1085935419
408472426
442812378
503423447
5159082091
1855032831
414434252
607616284
801283114
1292927820
5589502259
60358152
893923209
983365486
623611598
6612765363
427132837
227310875
700167463
704945242
5056850241
5635547398
1190288611
138563386
440905265
895079939
812347402
678233995
5098524300
1496347383
6229961994
5288056513
707057615
1105728360
93398253
1124701784
732459303
5290752274
1811426955
1802846501
1509140430
512809126
512201432
402665414
5192496787
1038451123
5234947498
5777210698
5244186547
5155607328
935916145
5970208285
573377511
108414947
5751739396
5036285461
6004884326
6181129576
840258274
5149635286
2091303049
5188417141
5193338096
1626879796
480511409
5807793580
729969567
5138091451
5123037342
918428843
1725627561
920740515
862749766
1473481167
790711861
359200804
1378483929
649764961
243612935
228217479
434661479
269626008
831701976
732407331
925353962
5211832298
6143706815
796688502
1349746160
406197284
1232981782
901688340
207449
1703465440
6064819009
5183703501
5297015729
1357022877
6241339632
432367480
5015854722
5896941902
804343710
742546849
1830314178
1293540284
1697114244
1197101874
1735051873
5032754621
953398685
5512121731
2088909212
394096134
765993999
1386824878
1168888448
1881817030
882931367
1962063763
1779175722
452423759
5204410842
5374592224
1421518056
727385003
5016101927
5128832927
5427737710
1329499750
650912470
975061680
916183519
961802653
869794946
5793303084
2029769945
1710203450
141356948
1069078460
5173409464
500745666
5297493455
558970265
413210074
5740998488
569088049
854782640
5614627078
1543495656
1021154488
660869330
5325815662
5132184614
83042168
5038613155
5781622069
642188
926907569
359104424
874951607
5720874834
5244343996
5249726251
1019307546
1931149829
242158472
5046572321
1269597955
335971651
363730105
5270265167
1500204730
5221202012
5988285504
5067405649
423259784
630971854
5233750644
5113190616
912172827
1032652526
6239131907
1712256138
1316835292
588247275
928151911
1096093101
1827792366
5323238578
5275356866
5196809573
1501114736
1006473762
1422071414
1243550181
1882154099
203000879
5191938243
407125469
5253065540
990080055
948358581
486920865
2145722903
522553144
1043971623
452998029
244446466
1324528104
832875771
912479250
613666002
1791140693
114694245
221263846
385679792
1119308225
5721218223
1872710169
5700206440
1022379541
6279006589
1881802100
5713352884
5222098941
5221063649
1382971068
6646629964
422889041
470224003
383771050
1648383201
5161886731
729870531
300340357
2009234835
378527028
1642175908
5229053626
5233896237
5145235196
1770157382
690246053
6165182412
816105569
5273307856
5282813619
675295484
1273865396
516856682
704723932
6415695045
191923833
5981125481
818278664
138802047
925004241
328401227
5882474958
5033598522
6131536035
1009484972
1369965932
1303882580
1746873765
1842228435
940622194
5403701678
508476356
5385505461
5380413653
189032165
1837715846
1173989364
5135782680
1615302562
5182656252
400749684
1644951238
952301288
746058730
5163748689
140450175
369378101
6288143977
361593609
1617315650
260046833
653944698
1027547320
5391909374
934615623
1033569555
5044462697
1513666594
1225314911
342876864
1510869951
648755633
5030193992
441779361
5258751036
196864719
536914046
1150669290
1318508092
327067627
1374066360
1985869028
437945243
694961941
5229451927
340602484
5136407802
83765809
377508050
5155410364
286668375
1077849023
334958698
452649023
673253120
616518844
937514994
419801871
1040877597
351833087
216846491
669573177
1374742886
710068122
5771265981
176844657
1089404617
1943377144
6507327040
1015003923
6138663987
418290109
1768961556
6496473267
967433030
6099797905
5798018600
6008835174
5182656931
6373788564
895296778
1071175386
355994818
6074018709
870354047
557549939
1202059113
1150904095
1296798419
857348868
5317419322
320575720
1994265096
1220324022
853526278
6154894271
699343969
5014506213
771240443
1599782998
5204736541
1400275033
454159369
1334076762
5108647983
5784924447
5928850364
687009707
5891985714
6323901740
1022840388
5256627534
132585004
438929910
734108949
1128818369
348492803
5134712274
599143264
1606809309
912097955
949488035
6130155194
737959119
5181494151
149150588
563425238
1419316021
998430006
5124374591
1386037478
5183338833
5015630273
86685744
5249660027
161642578
738653272
1320229211
1857038861
1378067111
561270388
904973181
5296690356
1136087805
5247925382
2020539422
5274712103
1761773122
286223434
266718376
799069187
1365983477
1871527713
6022902157
5651173313
748998490
341085278
6474917843
1259975270
1783848440
1923838971
1347579991
1908854242
308091039
284029749
622793059
5277128026
1183214375
595011478
474248598
839585771
1864798323
5197762962
5864174417
389618036
185016011
393789493
794596111
1389451708
517279799
528244354
405488513
501448248
5109406786
1728694691
5230269927
5124197498
336010284
5276567293
164830766
1034072229
5778877565
646607310
602880180
1089993943
5457159228
5185643395
1076077666
5586861851
642013657
582460648
5694845245
1228853013
1955233783
401123635
410616868
1243003
5692424653
407686467
